0 0.288203125 0.16726562499999997 0.243046875 0.3171484375
0 0.1002734375 0.446875 0.1432421875 0.2721875
0 0.49046875 0.385625 0.11632812499999995 0.11324218750000004
0 0.6614453125 0.2644921875 0.10417968750000006 0.26164062499999996
0 0.3910546875 0.57015625 0.18316406250000006 0.17500000000000004
0 0.2252734375 0.78984375 0.12238281250000002 0.2915234375
0 0.4088671875 0.808515625 0.13019531250000005 0.1985937499999999
0 0.47917968750000006 0.6734765625 0.06250000000000006 0.12125000000000008
0 0.64234375 0.7286328125 0.07640625000000001 0.20550781250000005
0 0.694453125 0.596640625 0.06597656249999995 0.1394140625
0 0.8359375 0.665234375 0.078125 0.24539062499999997
0 0.931640625 0.591796875 0.13671875 0.19921875
0 0.926640625 0.766796875 0.05640624999999999 0.08394531250000004