2 0.090625 0.35859375 0.18125 0.1828125
2 0.0796875 0.1625 0.1515625 0.1484375
2 0.20234375 0.45546875 0.0828125 0.07421875
2 0.3546875 0.6875 0.07578125 0.06484375
2 0.353125 0.5765625 0.0765625 0.06640625
2 0.50078125 0.2609375 0.07109375 0.07109375
2 0.63984375 0.528125 0.18125 0.24296875
2 0.46953125 0.59296875 0.125 0.10234375
2 0.25078125 0.678125 0.0734375 0.14375
2 0.1296875 0.553125 0.06875 0.05546875
2 0.29765625 0.3203125 0.04453125 0.0421875
2 0.415625 0.46015625 0.0453125 0.04375
2 0.8046875 0.775 0.08984375 0.05703125
2 0.7875 0.54375 0.09140625 0.0671875
2 0.58515625 0.71171875 0.0671875 0.040625
2 0.403125 0.30234375 0.09765625 0.16953125
