2 0.48828125 0.16171875 0.06328125 0.07265625
2 0.6609375 0.3484375 0.16953125 0.1265625
2 0.24375 0.5765625 0.15390625 0.1578125
2 0.4140625 0.55234375 0.0734375 0.125
2 0.5671875 0.528125 0.08828125 0.096875
2 0.67578125 0.48359375 0.07265625 0.1
2 0.3265625 0.88828125 0.221875 0.15390625
2 0.26328125 0.121875 0.04765625 0.04140625
2 0.33046875 0.20078125 0.0609375 0.05703125
2 0.3953125 0.28671875 0.0859375 0.0609375
2 0.12890625 0.6421875 0.0578125 0.06328125
2 0.60703125 0.64765625 0.0484375 0.05390625
2 0.1125 0.41328125 0.18359375 0.12890625
2 0.07890625 0.13515625 0.071875 0.14921875
2 0.17265625 0.18671875 0.06875 0.075
