2 0.36796875 0.2375 0.2 0.21015625
2 0.4296875 0.4109375 0.11328125 0.121875
2 0.07578125 0.40234375 0.14921875 0.19453125
2 0.35 0.634375 0.05078125 0.0515625
2 0.4875 0.6375 0.19453125 0.18515625
2 0.8046875 0.43984375 0.13984375 0.06875
2 0.83828125 0.228125 0.08359375 0.07421875
2 0.70390625 0.35546875 0.10234375 0.06953125
2 0.659375 0.63359375 0.11328125 0.14453125
2 0.59765625 0.37578125 0.06015625 0.059375
2 0.9125 0.09140625 0.046875 0.05234375
2 0.9390625 0.22109375 0.04375 0.05859375
2 0.7890625 0.3109375 0.0640625 0.0640625
