2 0.5203125 0.1921875 0.0671875 0.08515625
2 0.571875 0.55703125 0.0796875 0.096875
2 0.88515625 0.87109375 0.08046875 0.11171875
2 0.409375 0.8484375 0.1046875 0.13828125
2 0.346875 0.3796875 0.05234375 0.05625
2 0.35859375 0.25703125 0.0515625 0.06640625
2 0.46484375 0.4359375 0.05546875 0.084375
2 0.46328125 0.63125 0.04375 0.07890625
2 0.53984375 0.76328125 0.0390625 0.0484375
2 0.5171875 0.05546875 0.0625 0.06015625
2 0.3078125 0.63828125 0.04140625 0.071875
2 0.2109375 0.6984375 0.06171875 0.1171875
2 0.21484375 0.43203125 0.0359375 0.05546875
2 0.14609375 0.57890625 0.0453125 0.11875
