2 0.73984375 0.50546875 0.12109375 0.10625
2 0.5546875 0.44765625 0.1328125 0.05859375
2 0.65859375 0.8328125 0.090625 0.08984375
2 0.184375 0.603125 0.08984375 0.03671875
2 0.51796875 0.690625 0.09375 0.0828125
2 0.453125 0.3234375 0.0671875 0.0765625
2 0.76796875 0.29375 0.1171875 0.0578125
2 0.84921875 0.51328125 0.0703125 0.075
2 0.16875 0.8 0.06015625 0.04453125
2 0.4296875 0.90390625 0.29921875 0.125
2 0.89375 0.725 0.10546875 0.06328125
2 0.88203125 0.82421875 0.11953125 0.0421875
2 0.29140625 0.1921875 0.11953125 0.09765625
