2 0.5125 0.3859375 0.06484375 0.05
2 0.3859375 0.8625 0.06953125 0.0515625
2 0.45625 0.96171875 0.07734375 0.03359375
2 0.66328125 0.415625 0.0546875 0.04765625
2 0.46640625 0.46796875 0.04140625 0.02734375
2 0.65 0.20390625 0.08046875 0.06875
2 0.89375 0.38203125 0.08515625 0.0515625
2 0.875 0.47109375 0.0796875 0.0546875
2 0.12109375 0.22578125 0.05390625 0.03515625
2 0.57109375 0.525 0.03828125 0.03515625
2 0.76328125 0.328125 0.09609375 0.10234375
2 0.6265625 0.32265625 0.0671875 0.04921875
2 0.69609375 0.70625 0.0765625 0.046875
2 0.09375 0.875 0.0453125 0.0375
