2 0.3890625 0.5 0.0671875 0.08515625
2 0.47578125 0.53203125 0.05 0.0453125
2 0.5109375 0.60078125 0.0484375 0.040625
2 0.6765625 0.30078125 0.0625 0.1390625
2 0.52421875 0.29921875 0.06328125 0.12265625
2 0.45390625 0.3546875 0.04921875 0.13359375
2 0.6265625 0.5265625 0.125 0.1796875
2 0.32109375 0.76484375 0.07265625 0.0671875
2 0.415625 0.78203125 0.0375 0.08046875
2 0.30625 0.6390625 0.05546875 0.05859375
2 0.296875 0.42109375 0.03203125 0.1125
2 0.35078125 0.44765625 0.03125 0.02890625
2 0.38515625 0.265625 0.04921875 0.03359375
2 0.434375 0.26953125 0.025 0.01953125
2 0.48359375 0.18828125 0.0296875 0.0234375
2 0.3375 0.353125 0.0484375 0.08046875
2 0.2265625 0.90390625 0.04609375 0.03359375
2 0.25 0.97421875 0.06484375 0.0375
2 0.55859375 0.6875 0.08125 0.0734375
2 0.80703125 0.6078125 0.078125 0.07109375
