2 0.0265625 0.29375 0.04296875 0.0578125
2 0.0921875 0.2765625 0.02578125 0.02421875
2 0.19140625 0.3265625 0.0625 0.071875
2 0.19453125 0.4109375 0.03828125 0.03984375
2 0.27265625 0.5453125 0.059375 0.059375
2 0.35234375 0.48984375 0.04375 0.0484375
2 0.41328125 0.47109375 0.03828125 0.04921875
2 0.42734375 0.3890625 0.0734375 0.0640625
2 0.4515625 0.32421875 0.0359375 0.0328125
2 0.5796875 0.4515625 0.0609375 0.034375
2 0.5953125 0.509375 0.0515625 0.040625
2 0.6515625 0.4921875 0.0328125 0.0390625
2 0.628125 0.6484375 0.07578125 0.05859375
2 0.5609375 0.62890625 0.03515625 0.025
2 0.51171875 0.6828125 0.04296875 0.02890625
2 0.4015625 0.57890625 0.05 0.06796875
2 0.47109375 0.48828125 0.0265625 0.0171875
2 0.509375 0.4203125 0.028125 0.025
2 0.5484375 0.35234375 0.059375 0.03046875
2 0.3078125 0.32421875 0.05703125 0.0328125
2 0.696875 0.64453125 0.03125 0.0234375
2 0.67109375 0.578125 0.0375 0.03046875
2 0.33984375 0.65703125 0.0375 0.0375
2 0.4671875 0.59453125 0.04296875 0.0453125
