2 0.10078125 0.44375 0.0640625 0.09609375
2 0.2265625 0.30703125 0.11171875 0.11484375
2 0.3828125 0.33984375 0.08359375 0.140625
2 0.49765625 0.31640625 0.0546875 0.07578125
2 0.77265625 0.434375 0.42578125 0.4
2 0.62421875 0.728125 0.35546875 0.34140625
2 0.31875 0.65703125 0.103125 0.1578125
2 0.3015625 0.47109375 0.0640625 0.12734375
2 0.396875 0.4640625 0.06640625 0.08984375
2 0.203125 0.46015625 0.06484375 0.1109375
2 0.12890625 0.5671875 0.05703125 0.0796875
2 0.1546875 0.7734375 0.09921875 0.09609375
