2 0.23125 0.44765625 0.1 0.109375
2 0.35703125 0.4609375 0.07578125 0.078125
2 0.4796875 0.4375 0.09765625 0.07578125
2 0.47421875 0.32109375 0.12265625 0.05625
2 0.6546875 0.31484375 0.13828125 0.0703125
2 0.83359375 0.25625 0.11953125 0.1109375
2 0.6421875 0.47890625 0.09609375 0.05703125
2 0.8484375 0.484375 0.1 0.09609375
2 0.1890625 0.628125 0.10703125 0.1109375
2 0.48125 0.61953125 0.2984375 0.16953125
2 0.60078125 0.75078125 0.134375 0.06875
2 0.775 0.64609375 0.12265625 0.06796875
2 0.71875 0.5140625 0.08046875 0.0484375
