2 0.4546875 0.38984375 0.0875 0.078125
2 0.19140625 0.3078125 0.0625 0.0765625
2 0.29765625 0.54453125 0.04453125 0.06875
2 0.32890625 0.44765625 0.0328125 0.02890625
2 0.325 0.3015625 0.075 0.0453125
2 0.5609375 0.74921875 0.16953125 0.0890625
2 0.5921875 0.55859375 0.08046875 0.05234375
2 0.5953125 0.47578125 0.09453125 0.0640625
2 0.7109375 0.4125 0.028125 0.06015625
2 0.678125 0.53828125 0.0484375 0.05234375
2 0.31171875 0.65 0.04921875 0.0734375
2 0.17578125 0.61484375 0.053125 0.0671875
2 0.15703125 0.421875 0.0375 0.04296875
2 0.37890625 0.740625 0.03359375 0.04765625
2 0.40703125 0.81171875 0.05 0.03828125
2 0.3875 0.49609375 0.046875 0.05234375
2 0.46953125 0.534375 0.06953125 0.0375
2 0.509375 0.29609375 0.0359375 0.04296875
2 0.27734375 0.2203125 0.165625 0.07109375
