2 0.6375 0.14375 0.08515625 0.05859375
2 0.61484375 0.41328125 0.07109375 0.096875
2 0.471875 0.58046875 0.0609375 0.0640625
2 0.3421875 0.1828125 0.08125 0.05234375
2 0.4328125 0.29140625 0.0671875 0.04140625
2 0.49296875 0.37265625 0.05546875 0.05078125
2 0.32578125 0.32265625 0.07265625 0.046875
2 0.278125 0.6234375 0.09765625 0.121875
2 0.26015625 0.415625 0.0484375 0.03046875
2 0.18828125 0.45 0.0328125 0.03359375
2 0.2953125 0.51875 0.0640625 0.05546875
2 0.67109375 0.27109375 0.05546875 0.0703125
2 0.52734375 0.12578125 0.0375 0.04140625
2 0.53515625 0.30546875 0.03125 0.03359375
2 0.2140625 0.24453125 0.0578125 0.0515625
2 0.68671875 0.1 0.03515625 0.0375
2 0.7234375 0.0234375 0.04375 0.03671875
2 0.66015625 0.471875 0.0296875 0.0296875
2 0.715625 0.44765625 0.03046875 0.02890625
2 0.55234375 0.57109375 0.05703125 0.07421875
2 0.47734375 0.45546875 0.04609375 0.0453125
2 0.4875 0.51484375 0.0375 0.021875
2 0.40390625 0.48203125 0.03828125 0.03046875
2 0.35546875 0.5265625 0.02421875 0.040625
2 0.4 0.66015625 0.0390625 0.0484375
2 0.5078125 0.65625 0.05625 0.04296875
2 0.58203125 0.63984375 0.021875 0.040625
2 0.6296875 0.67578125 0.03046875 0.02578125
