2 0.221875 0.80078125 0.084375 0.09140625
2 0.3390625 0.80234375 0.08203125 0.0703125
2 0.259375 0.55078125 0.11875 0.11171875
2 0.21484375 0.678125 0.04453125 0.06875
2 0.37109375 0.65390625 0.12734375 0.046875
2 0.365625 0.5875 0.06484375 0.05234375
2 0.3375 0.3765625 0.1625 0.17734375
2 0.540625 0.38515625 0.0921875 0.2109375
2 0.55703125 0.5953125 0.24453125 0.228125
2 0.54921875 0.1484375 0.29140625 0.25546875
2 0.77421875 0.1109375 0.12890625 0.19921875
2 0.66171875 0.30859375 0.1171875 0.06484375
2 0.7515625 0.4984375 0.115625 0.16015625
