2 0.21640625 0.50859375 0.071875 0.040625
2 0.3359375 0.48671875 0.03671875 0.0640625
2 0.18359375 0.26328125 0.08125 0.04296875
2 0.0875 0.4640625 0.06171875 0.03515625
2 0.0296875 0.43203125 0.04296875 0.0265625
2 0.6671875 0.2640625 0.03359375 0.028125
2 0.8296875 0.2984375 0.02421875 0.0625
2 0.42265625 0.22109375 0.03671875 0.028125
2 0.621875 0.209375 0.05703125 0.04296875
2 0.38515625 0.4453125 0.0421875 0.03984375
2 0.321875 0.4046875 0.06171875 0.02734375
2 0.63359375 0.3125 0.0296875 0.0265625
2 0.27734375 0.29765625 0.046875 0.03203125
2 0.221875 0.61875 0.0421875 0.03203125
2 0.5328125 0.3453125 0.0515625 0.053125
