2 0.3765625 0.41640625 0.05390625 0.1
2 0.6 0.1765625 0.06796875 0.05703125
2 0.53828125 0.23125 0.09375 0.1234375
2 0.68984375 0.328125 0.06484375 0.06171875
2 0.24375 0.23984375 0.04765625 0.04609375
2 0.19375 0.33828125 0.03984375 0.04140625
2 0.1625 0.3984375 0.0296875 0.03203125
2 0.72734375 0.48984375 0.0484375 0.0484375
2 0.8515625 0.5640625 0.02578125 0.02734375
2 0.91015625 0.4859375 0.02890625 0.040625
2 0.4953125 0.45390625 0.06484375 0.0703125
2 0.434375 0.28046875 0.06640625 0.05078125
2 0.3140625 0.24375 0.04375 0.05703125
