2 0.33125 0.1328125 0.1 0.109375
2 0.559375 0.12265625 0.06328125 0.0796875
2 0.56953125 0.25390625 0.03515625 0.08125
2 0.50546875 0.2140625 0.0328125 0.02578125
2 0.525 0.33359375 0.04765625 0.075
2 0.3609375 0.3 0.065625 0.10859375
2 0.44921875 0.48359375 0.0875 0.08359375
2 0.659375 0.4453125 0.17265625 0.19375
2 0.603125 0.77578125 0.06640625 0.0796875
2 0.46171875 0.6234375 0.05625 0.06328125
2 0.44375 0.09609375 0.04375 0.046875
2 0.3359375 0.51015625 0.028125 0.05078125
2 0.671875 0.1984375 0.13515625 0.1375
