2 0.5359375 0.31328125 0.0921875 0.0703125
2 0.625 0.35546875 0.05625 0.03515625
2 0.69296875 0.2515625 0.13828125 0.084375
2 0.7484375 0.39375 0.03828125 0.03515625
2 0.628125 0.4578125 0.06953125 0.05234375
2 0.4546875 0.50234375 0.04140625 0.03359375
2 0.5265625 0.45546875 0.04140625 0.028125
2 0.5234375 0.50546875 0.03984375 0.02421875
2 0.621875 0.60390625 0.07265625 0.0390625
2 0.65546875 0.55703125 0.0609375 0.02890625
2 0.54296875 0.553125 0.0265625 0.0234375
2 0.3484375 0.4796875 0.0359375 0.03671875
2 0.434375 0.36640625 0.034375 0.0421875
2 0.4953125 0.68671875 0.06484375 0.0578125
2 0.38671875 0.67578125 0.02578125 0.025
2 0.54609375 0.18984375 0.02734375 0.0421875
2 0.42109375 0.30546875 0.02265625 0.01953125
