2 0.33359375 0.44375 0.025 0.04140625
2 0.334375 0.50703125 0.040625 0.0625
2 0.27734375 0.5640625 0.04296875 0.03125
2 0.13828125 0.5078125 0.02890625 0.03671875
2 0.671875 0.47578125 0.03203125 0.046875
2 0.63125 0.4578125 0.0265625 0.0453125
2 0.9140625 0.68046875 0.04921875 0.0546875
2 0.7046875 0.72421875 0.053125 0.05703125
2 0.56796875 0.70859375 0.059375 0.06015625
2 0.46484375 0.7796875 0.03828125 0.03984375
2 0.153125 0.7453125 0.04375 0.03046875
2 0.75625 0.396875 0.04921875 0.053125
2 0.90625 0.27890625 0.053125 0.06484375
2 0.8828125 0.47890625 0.0390625 0.04375
2 0.76875 0.54375 0.09453125 0.05078125
2 0.54765625 0.63046875 0.0421875 0.0390625
2 0.41015625 0.62109375 0.1109375 0.04453125
