1 0.8283159722222223 0.21380208333333334 0.037986111111111144 0.03447916666666666
1 0.48960069444444443 0.41623263888888895 0.05689814814814813 0.04624999999999986
1 0.5380497685185185 0.6240972222222222 0.05839120370370363 0.04163194444444436
1 0.7090682870370371 0.3580729166666667 0.3304513888888888 0.2770138888888889
1 0.4409953703703704 0.5878125000000001 0.12658564814814816 0.2179861111111112
1 0.31140625 0.6396354166666667 0.15192129629629622 0.13635416666666664
1 0.2897164351851852 0.7335069444444444 0.06799768518518512 0.057673611111111
1 0.5003587962962963 0.4805555555555555 0.06384259259259259 0.09340277777777786
1 0.35423032407407407 0.4893923611111111 0.03359953703703704 0.05458333333333343
1 0.40851851851851856 0.4612152777777778 0.033206018518518475 0.02802083333333343
1 0.5000173611111112 0.3455034722222222 0.04614583333333329 0.05826388888888889
1 0.6057002314814814 0.5898611111111111 0.049131944444444464 0.04902777777777771
1 0.960474537037037 0.30473958333333334 0.03847222222222228 0.06729166666666667
1 0.36989583333333337 0.32786458333333335 0.038124999999999964 0.04385416666666666