1 0.8378356481481483 0.6305266203703703 0.033020833333333145 0.030555555555555537
1 0.4990104166666667 0.5182002314814815 0.050289351851851904 0.042766203703703806
1 0.5255324074074074 0.3108796296296296 0.05180555555555557 0.03663194444444447
1 0.7121469907407407 0.5219328703703704 0.2922569444444445 0.24184027777777786
1 0.437662037037037 0.36736111111111114 0.09677083333333343 0.20393518518518522
1 0.31053819444444447 0.3471064814814815 0.1336342592592592 0.12077546296296297
1 0.2814699074074074 0.2657118055555555 0.05971064814814815 0.049710648148148094
1 0.5041666666666667 0.45457175925925924 0.050601851851851974 0.08495370370370363
1 0.365 0.4789351851851852 0.026921296296296315 0.05040509259259256
1 0.41954861111111114 0.49363425925925924 0.029872685185185155 0.02719907407407405
1 0.5164988425925926 0.5817129629629629 0.03944444444444439 0.054456018518518515
1 0.5925578703703703 0.3277777777777778 0.04092592592592581 0.043634259259259255
1 0.9597395833333333 0.512181712962963 0.045763888888888715 0.0642939814814815
1 0.3951273148148148 0.6281828703703705 0.03309027777777773 0.03993055555555571