1 0.15390625 0.33359375 0.03046875 0.02421875
1 0.49609375 0.4390625 0.0453125 0.0328125
1 0.48984375 0.63984375 0.04921875 0.0265625
1 0.2875 0.43671875 0.26953125 0.1921875
1 0.5703125 0.584375 0.07734375 0.18671875
1 0.696875 0.6015625 0.121875 0.09765625
1 0.7328125 0.68203125 0.0546875 0.03984375
1 0.49765625 0.5 0.04296875 0.0765625
1 0.63125 0.475 0.021875 0.046875
1 0.5765625 0.46171875 0.0265625 0.0203125
1 0.4734375 0.3765625 0.03359375 0.04765625
1 0.421875 0.625 0.03671875 0.0359375
1 0.04609375 0.45 0.0390625 0.05625
1 0.5875 0.33046875 0.0296875 0.03359375