0 0.4859375 0.5625 0.08828125 0.1
0 0.72421875 0.315625 0.08984375 0.09765625
0 0.7625 0.109375 0.1203125 0.0984375
0 0.58671875 0.434375 0.06328125 0.05390625
0 0.34296875 0.51015625 0.0609375 0.0765625
0 0.28125 0.66640625 0.03359375 0.04375
0 0.35859375 0.73671875 0.0640625 0.0625
0 0.46796875 0.8421875 0.05390625 0.0609375
0 0.8515625 0.54375 0.0609375 0.0671875
0 0.9390625 0.6484375 0.04609375 0.0484375
0 0.1203125 0.61875 0.04140625 0.06875
0 0.03359375 0.32734375 0.05625 0.075
0 0.009375 0.61015625 0.01796875 0.0375
0 0.39296875 0.85859375 0.0703125 0.08046875
0 0.353125 0.96953125 0.0265625 0.03984375
0 0.6296875 0.95625 0.059375 0.07578125
0 0.9515625 0.74140625 0.053125 0.07421875
